; space
0: 248, 65, 1, 29, 4, 19

; !
1: 109, 83, 7, 21, 0, 19

; "
2: 71, 107, 12, 12, 0, 19

; #
3: 132, 83, 17, 21, 0, 19

; $
4: 117, 83, 14, 24, 0, 19

; %
5: 62, 83, 24, 21, 0, 19

; &
6: 88, 83, 19, 21, 0, 19

; '
7: 50, 107, 8, 12, 0, 19

; (
8: 3, 82, 10, 26, 0, 20

; )
9: 13, 82, 10, 26, 0, 20

; *
10: 118, 108, 14, 14, 0, 18

; +
11: 227, 66, 18, 18, 0, 16

; ,
12: 209, 77, 9, 11, 0, 6

; -
13: 200, 115, 13, 9, 0, 12 

; .
14: 210, 66, 8, 8, 0, 7

; /
15: 199, 88, 11, 26, 0, 21

; 0
16: 172, 60, 13, 21, 0, 19

; 1
17: 40, 60, 10, 21, 0, 19

; 2
18: 53, 60, 13, 21, 0, 19

; 3
19: 68, 60, 13, 21, 0, 19

; 4
20: 83, 60, 13, 21, 0, 19

; 5
21: 98, 60, 13, 21, 0, 19

; 6
22: 112, 60, 13, 21, 0, 19

; 7
23: 127, 60, 13, 21, 0, 19

; 8
24: 142, 60, 13, 21, 0, 19

; 9
25: 157, 60, 13, 21, 0, 19

; :
26: 200, 67, 8, 17, 0, 19

; ;
27: 209, 67, 8, 21, 0, 16

; <
28: 134, 111, 16, 17, 0, 19

; =
29: 173, 114, 18, 12, 0, 15

; >
30: 154, 111, 16, 17, 0, 19

; ?
31: 49, 82, 13, 21, 0, 27

; @
32: 24, 83, 22, 24, 0, 26

; A
33: 2, 0, 16, 21, 0, 19

; B
34: 20, 0, 14, 21, 0, 19

; C
35: 36, 0, 15, 21, 0, 19

; D
36: 53, 0, 15, 21, 0, 19

; E
37: 72, 0, 13, 21, 0, 19

; F
38: 87, 0, 12, 21, 0, 19

; G
39: 101, 0, 16, 21, 0, 19

; H
40: 120, 0, 14, 21, 0, 19

; I
41: 138, 0, 9, 21, 0, 19

; J
42: 148, 0, 10, 21, 0, 19

; K
43: 162, 0, 13, 21, 0, 19

; L
44: 178, 0, 12, 21, 0, 19

; M
45: 191, 0, 17, 21, 0, 19

; N
46: 213, 0, 14, 21, 0, 19

; O
47: 230, 0, 17, 21, 0, 19

; P
48: 4, 21, 13, 21, 0, 19

; Q
49: 231, 89, 17, 25, 0, 19

; R
50: 19, 21, 14, 21, 0, 19

; S
51: 37, 21, 14, 21, 0, 19

; T
52: 52, 21, 17, 21, 0, 19

; U
53: 72, 21, 14, 21, 0, 19

; V
54: 89, 21, 16, 21, 0, 19

; W
55: 108, 21, 22, 21, 0, 19

; X
56: 134, 21, 15, 21, 0, 19

; Y
57: 151, 21, 16, 21, 0, 19

; Z
58: 170, 21, 14, 21, 0, 19

; [
59: 179, 89, 8, 24, 0, 19

; \
60: 211, 89, 10, 24, 0, 19

; ]
61: 188, 89, 8, 24, 0, 19

; ^
62: 98, 109, 18, 12, 0, 19

; _
63: 218, 116, 18, 8, 0, 5

; `
64: 38, 106, 8, 13, 0, 19

; a
65: 3, 42, 12, 17, 0, 15

; b
66: 187, 21, 13, 21, 0, 19

; c
67: 18, 42, 12, 17, 0, 15

; d
68: 203, 21, 13, 21, 0, 19

; e
69: 31, 43, 13, 17, 0, 14

; f
70: 219, 21, 10, 21, 0, 19

; g
71: 239, 42, 13, 22, 0, 15

; h
72: 232, 22, 12, 20, 0, 18

; i
73: 249, 21, 5, 21, 0, 19

; j
74: 219, 64, 7, 24, 0, 19

; k
75: 4, 60, 12, 21, 0, 19

; l
76: 18, 60, 5, 21, 0, 19

; m
77: 47, 42, 18, 17, 0, 15

; n
78: 69, 43, 12, 16, 0, 14

; o
79: 84, 42, 13, 16, 0, 15

; p
80: 207, 43, 13, 21, 0, 14

; q
81: 191, 43, 13, 21, 0, 14

; r
82: 101, 42, 9, 17, 0, 15

; s
83: 112, 42, 11, 16, 0, 15

; t
84: 188, 64, 10, 19, 0, 18

; u
85: 126, 42, 12, 17, 0, 15

; v
86: 140, 42, 14, 17, 0, 15

; w
87: 155, 42, 19, 17, 0, 15

; x
88: 175, 42, 13, 17, 0, 15

; y
89: 223, 42, 14, 21, 0, 15

; z
90: 25, 64, 12, 17, 0, 15


; {
91: 151, 83, 13, 26, 0, 19

; |
92: 223, 89, 6, 26, 0, 19

; }
93: 165, 83, 13, 26, 0, 19

; ~
94: 3, 114, 18, 12, 5, 19

; i bez tecky(pro i s carkou)
95: 247, 4, 8, 17, 0, 15

; (carka)
96: 61, 107, 8, 7, 3, 5

; (hacek)
97: 21, 121, 10, 7, 5, 5

; (hacek pro d')
98: 60, 106, 8, 9, 0, 3

; (dvojbodka nad a:)
99: 85, 109, 10, 5, 6, 3

; (striska nad e^)
100: 42, 119, 9, 7, 5, 5

; paznak kolecko (kolecko nad ao)
101: 28, 109, 8, 8, 5, 6

; paznak , (c,)
102: 60, 107, 7, 7, 3, 1

; paznak .(c.)
103: 38, 107, 7, 7, 1, 1

; paznak`(a`)
104: 38, 107, 8, 7, 5, 5

; (vlnovka n~)
105: 58, 120, 8, 6, 4, 5
